module InputFixedMatrixMult(m1,m2,answer) where
import Prelude

m1 :: [[Int]]
m1 = [[291,-407,-51,22,204,366,-67,946,-765,-698],[-946,-78,153,-439,2,-176,-735,539,-595,-552],[395,-717,671,-413,487,784,288,353,-688,-278],[208,603,-517,325,793,-144,-309,-275,-199,-74],[-804,-977,849,349,-415,-150,341,-982,557,-86],[635,-881,198,305,876,853,-744,163,205,-432],[54,582,339,537,-94,132,-608,597,857,-638],[692,221,-615,540,738,-862,558,79,-844,114],[993,-40,-599,190,433,-724,43,690,440,416],[-743,-507,-3,597,-971,904,897,591,-332,753]]

m2 :: [[Int]]
m2 = [[953,-641,-858,-663,67,880,645,-376,-42,-31],[-94,-881,929,308,-523,362,584,-312,51,-809],[-896,-524,-316,-731,241,883,341,137,-359,-991],[-942,-407,-632,-800,-902,436,248,743,228,-794],[-288,-866,-675,809,442,971,170,-807,-341,389],[-615,-237,34,-763,32,443,-881,542,-420,-240],[551,807,-479,87,175,789,-478,-578,531,751],[-372,411,53,-879,220,-506,-908,558,-313,920],[-885,-760,-318,-683,-522,-118,760,766,-577,508],[695,142,314,-785,-771,-512,-997,920,-89,-297]]

answer :: [[Int]]
answer = [[-140203,743421,-644496,-179768,1435986,349634,-1062130,-600885,-61086,983520],[-972650,815785,1357486,1280416,1131652,-1492862,-596963,-260208,-212576,137968],[52289,448322,-1245843,-444128,1877569,1592794,-1349382,-860087,-419400,506162],[215526,-1400204,-26994,1326005,-326925,749445,972229,-1009059,115192,-461114],[-1551586,620175,-851143,-309044,-222129,115469,586233,838841,137939,-767434],[-1505877,-1570097,-2016728,-1032146,822126,1303667,229788,325823,-1256039,214360],[-2625899,-1880636,-34209,-1372877,-671283,202611,1527175,1145000,-942653,-585611],[2102888,169796,-1021732,1347652,61802,1157601,290937,-1895015,1184907,503554],[1295102,-525154,-1130164,-711950,-451161,-67131,444014,36306,-112999,1553584],[-404869,2634187,419974,-2420044,-844355,-1059773,-3558239,2404037,509844,192542]]

